0.8647651672363281
0.33240604400634766
0.12605619430541992
0.030479907989501953
0.005246162414550781
0.0012569427490234375
0.0004260540008544922
0.000141143798828125
7.82012939453125e-05
0.7733359336853027
0.33086109161376953
0.1317579746246338
0.03323173522949219
0.0047571659088134766
0.0010950565338134766
0.0002532005310058594
0.00013113021850585938
5.1021575927734375e-05
0.7667109966278076
0.34158992767333984
0.12699007987976074
0.03697681427001953
0.0069081783294677734
0.0018248558044433594
0.0005919933319091797
0.00018095970153808594
5.1975250244140625e-05
0.7648289203643799
0.34362196922302246
0.13573765754699707
0.04467201232910156
0.008971929550170898
0.0029091835021972656
0.0008420944213867188
0.00021982192993164062
5.7697296142578125e-05
0.8324029445648193
0.3675801753997803
0.13218307495117188
0.02876901626586914
0.004789113998413086
0.0011668205261230469
0.0002601146697998047
0.00024008750915527344
6.198883056640625e-05
0.8153581619262695
0.351992130279541
0.1396350860595703
0.04811692237854004
0.013200044631958008
0.0021810531616210938
0.0005979537963867188
0.0001289844512939453
4.601478576660156e-05
0.8157548904418945
0.3685140609741211
0.12542486190795898
0.036828041076660156
0.007543087005615234
0.0014450550079345703
0.0003437995910644531
8.20159912109375e-05
